proj:       1
zone:       -23
north:      7530600
south:      7530210
east:       246360
west:       246210
cols:       5
rows:       13
e-w resol:  30
n-s resol:  30
top:        1.000000000000000
bottom:     0.000000000000000
cols3:      5
rows3:      13
depths:     1
e-w resol3: 30
n-s resol3: 30
t-b resol:  1
