proj:       3
zone:       0
north:      22:21:20.088S
south:      22:22:11.82S
east:       47:34:07.5W
west:       47:34:59.232W
cols:       16
rows:       16
e-w resol:  0:00:03.23325
n-s resol:  0:00:03.23325
top:        1.000000000000000
bottom:     0.000000000000000
cols3:      16
rows3:      16
depths:     1
e-w resol3: 0:00:03.23325
n-s resol3: 0:00:03.23325
t-b resol:  1
