proj:       1
zone:       -23
north:      7536150
south:      7534140
east:       224790
west:       222450
cols:       78
rows:       67
e-w resol:  30
n-s resol:  30
top:        0.500000000000000
bottom:     -0.500000000000000
cols3:      78
rows3:      67
depths:     1
e-w resol3: 30
n-s resol3: 30
t-b resol:  1
