proj:       1
zone:       -23
north:      7529220
south:      7528200
east:       239700
west:       238530
cols:       39
rows:       34
e-w resol:  30
n-s resol:  30
top:        0.500000000000000
bottom:     -0.500000000000000
cols3:      39
rows3:      34
depths:     1
e-w resol3: 30
n-s resol3: 30
t-b resol:  1
