proj:       99
zone:       0
north:      7525600
south:      7524000
east:       235600
west:       234000
cols:       16
rows:       16
e-w resol:  100
n-s resol:  100
top:        1.000000000000000
bottom:     0.000000000000000
cols3:      16
rows3:      16
depths:     1
e-w resol3: 100
n-s resol3: 100
t-b resol:  1
