proj:       1
zone:       -23
north:      7538121.63820314
south:      7503426.16188084
east:       246834.08378095
west:       214982.42558095
cols:       1127
rows:       1227
e-w resol:  28.26234091
n-s resol:  28.27667182
format:     0
compressed: 5
