proj:       3
zone:       0
north:      22:21:20.077276S
south:      22:22:11.82S
east:       47:34:07.489276W
west:       47:34:59.232W
cols:       16
rows:       16
e-w resol:  0:00:03.23392
n-s resol:  0:00:03.23392
format:     -1
compressed: 5
