proj:       99
zone:       0
north:      7538121.63804069
south:      7503419.52344285
east:       246828.95474716
west:       214982.62514116
cols:       1104
rows:       1203
e-w resol:  28.84631305
n-s resol:  28.84631305
format:     -1
compressed: 5
