proj:       99
zone:       0
north:      7538122
south:      7503420
east:       246829
west:       214982.6
cols:       1104
rows:       1203
e-w resol:  28.84637681
n-s resol:  28.84621779
format:     0
compressed: 5
