proj:       99
zone:       0
north:      7538150.48435374
south:      7503419.52344285
east:       246857.80106021
west:       214953.77882811
cols:       1106
rows:       1204
e-w resol:  28.84631305
n-s resol:  28.84631305
format:     -1
compressed: 5
